# SELECTION on design coins: A 2021-01..2024-06, B 2024-07..2025-06 (cell = LAM, Z_IN, STOP_ATR)

## bar 15 min   (trades per day = all 10 coins together, over A+B = 1642 days)
      LAM Z_IN STOP |    A n     A R    A t |    B n     B R    B t |  A+B t  /day  $10 A+B   DD
    1e-04  1.0    2 |   9878  -0.043  -0.82 |   3436  -0.061  -0.79 |  -1.09  8.11     0.02 100%
    1e-04  1.0    3 |   9486  -0.020  -0.50 |   3292  -0.031  -0.52 |  -0.68  7.78     0.43  99%  <- reference
    1e-04  1.5    2 |   9101  -0.027  -0.49 |   3220  -0.059  -0.74 |  -0.77  7.50     0.06 100%
    1e-04  1.5    3 |   8687  -0.008  -0.18 |   3063  -0.032  -0.51 |  -0.39  7.16     0.66  98%
    1e-04  2.0    2 |   8381  -0.023  -0.40 |   3022  -0.073  -0.91 |  -0.76  6.94     0.07 100%
    1e-04  2.0    3 |   7960  -0.002  -0.04 |   2851  -0.048  -0.77 |  -0.37  6.58     0.83  98%
    1e-03  1.0    2 |  14820  -0.076  -2.41 |   5319  -0.103  -2.10 |  -3.13 12.26     0.00 100%
    1e-03  1.0    3 |  14485  -0.054  -2.29 |   5178  -0.071  -2.02 |  -2.97 11.98     0.01 100%
    1e-03  1.5    2 |  12568  -0.076  -2.16 |   4605  -0.102  -1.95 |  -2.83 10.46     0.00 100%
    1e-03  1.5    3 |  12243  -0.052  -1.97 |   4475  -0.073  -1.91 |  -2.63 10.18     0.02 100%
    1e-03  2.0    2 |  10543  -0.066  -1.70 |   3872  -0.095  -1.67 |  -2.28  8.78     0.01 100%
    1e-03  2.0    3 |  10220  -0.038  -1.31 |   3753  -0.066  -1.58 |  -1.89  8.51     0.10  99%
  -> frozen for 15 min: None

## bar 30 min   (trades per day = all 10 coins together, over A+B = 1642 days)
      LAM Z_IN STOP |    A n     A R    A t |    B n     B R    B t |  A+B t  /day  $10 A+B   DD
    1e-04  1.0    2 |   4726  +0.081  +1.25 |   1702  +0.092  +0.74 |  +1.45  3.91    23.56  76%
    1e-04  1.0    3 |   4534  +0.086  +1.78 |   1641  +0.059  +0.66 |  +1.84  3.76    40.79  47%  <- reference
    1e-04  1.5    2 |   4440  +0.073  +1.16 |   1590  +0.116  +0.91 |  +1.47  3.67    24.64  70%
    1e-04  1.5    3 |   4238  +0.077  +1.57 |   1518  +0.090  +0.95 |  +1.83  3.51    36.93  47%
    1e-04  2.0    2 |   4130  +0.090  +1.34 |   1467  +0.143  +1.08 |  +1.72  3.41    38.48  69%
    1e-04  2.0    3 |   3904  +0.092  +1.77 |   1389  +0.107  +1.07 |  +2.06  3.22    44.93  44%
    1e-03  1.0    2 |   7315  +0.018  +0.37 |   2622  -0.028  -0.38 |  +0.15  6.05     2.04  96%
    1e-03  1.0    3 |   7108  +0.013  +0.36 |   2538  -0.011  -0.20 |  +0.22  5.87     4.68  87%
    1e-03  1.5    2 |   6180  +0.036  +0.65 |   2245  -0.010  -0.13 |  +0.52  5.13     4.22  90%
    1e-03  1.5    3 |   5989  +0.036  +0.91 |   2152  +0.015  +0.25 |  +0.92  4.96    12.20  71%
    1e-03  2.0    2 |   5161  +0.061  +1.00 |   1892  +0.035  +0.40 |  +1.07  4.30    16.28  75%
    1e-03  2.0    3 |   5007  +0.052  +1.20 |   1816  +0.040  +0.62 |  +1.35  4.16    23.22  57%
  -> frozen for 30 min: [0.0001, 2.0, 3.0]

## bar 60 min   (trades per day = all 10 coins together, over A+B = 1642 days)
      LAM Z_IN STOP |    A n     A R    A t |    B n     B R    B t |  A+B t  /day  $10 A+B   DD
    1e-04  1.0    2 |   2496  +0.055  +0.79 |    855  +0.297  +1.47 |  +1.59  2.04    30.88  71%
    1e-04  1.0    3 |   2407  +0.034  +0.68 |    816  +0.276  +1.73 |  +1.72  1.96    27.35  57%  <- reference
    1e-04  1.5    2 |   2338  +0.066  +0.86 |    806  +0.209  +1.36 |  +1.48  1.91    27.21  65%
    1e-04  1.5    3 |   2241  +0.042  +0.75 |    770  +0.251  +1.69 |  +1.69  1.83    25.60  53%
    1e-04  2.0    2 |   2163  +0.054  +0.70 |    745  +0.183  +1.14 |  +1.24  1.77    21.25  59%
    1e-04  2.0    3 |   2076  +0.033  +0.58 |    714  +0.230  +1.52 |  +1.45  1.70    21.27  51%
    1e-03  1.0    2 |   3601  +0.099  +1.77 |   1292  +0.120  +1.04 |  +2.04  2.98    57.91  40%
    1e-03  1.0    3 |   3516  +0.073  +1.86 |   1250  +0.094  +1.14 |  +2.17  2.90    42.51  28%
    1e-03  1.5    2 |   3169  +0.059  +1.01 |   1108  +0.165  +1.29 |  +1.58  2.60    32.21  43%
    1e-03  1.5    3 |   3082  +0.050  +1.19 |   1073  +0.113  +1.23 |  +1.69  2.53    28.68  28%
    1e-03  2.0    2 |   2693  +0.042  +0.75 |    943  +0.185  +1.38 |  +1.45  2.21    26.64  42%
    1e-03  2.0    3 |   2624  +0.032  +0.80 |    911  +0.139  +1.37 |  +1.50  2.15    21.57  31%
  -> frozen for 60 min: [0.001, 1.0, 3.0]

## bar 120 min   (trades per day = all 10 coins together, over A+B = 1642 days)
      LAM Z_IN STOP |    A n     A R    A t |    B n     B R    B t |  A+B t  /day  $10 A+B   DD
    1e-04  1.0    2 |   1263  +0.181  +1.70 |    429  +0.405  +1.73 |  +2.40  1.03    42.85  50%
    1e-04  1.0    3 |   1223  +0.152  +1.87 |    416  +0.307  +1.83 |  +2.58  1.00    31.95  36%  <- reference
    1e-04  1.5    2 |   1197  +0.190  +1.75 |    398  +0.400  +1.57 |  +2.35  0.97    35.05  51%
    1e-04  1.5    3 |   1153  +0.173  +2.09 |    386  +0.294  +1.65 |  +2.66  0.94    32.78  36%
    1e-04  2.0    2 |   1104  +0.218  +1.90 |    365  +0.459  +1.57 |  +2.45  0.89    43.57  47%
    1e-04  2.0    3 |   1057  +0.198  +2.26 |    352  +0.325  +1.57 |  +2.74  0.86    36.13  33%
    1e-03  1.0    2 |   1914  +0.061  +0.89 |    660  +0.320  +1.83 |  +1.87  1.57    31.90  52%
    1e-03  1.0    3 |   1871  +0.043  +0.88 |    638  +0.224  +1.79 |  +1.84  1.53    23.98  37%
    1e-03  1.5    2 |   1683  +0.055  +0.76 |    562  +0.393  +2.04 |  +1.92  1.37    29.43  41%
    1e-03  1.5    3 |   1634  +0.045  +0.86 |    550  +0.260  +1.87 |  +1.89  1.33    22.73  31%
    1e-03  2.0    2 |   1465  +0.040  +0.52 |    489  +0.386  +2.02 |  +1.68  1.19    22.92  37%
    1e-03  2.0    3 |   1424  +0.032  +0.58 |    478  +0.274  +1.92 |  +1.70  1.16    19.37  30%
  -> frozen for 120 min: [0.0001, 2.0, 3.0]
