# Single estimators alone (vote >= 1 at |z| > 0.5, exit when the vote ends), design coins A+B 2021-01..2025-06 (descriptive)
  bar est         n  /day gross bps  gross R   net R      t
   15 KAL     22654 13.80      +3.5   +0.031  -0.071  -5.35
   15 SS      55609 33.87      +0.4   +0.002  -0.097 -18.63
   15 KAMA    43113 26.26      +0.7   +0.005  -0.094 -18.34
   15 LAG     39962 24.34      +1.5   +0.011  -0.088 -12.09
   15 HMA     54421 33.14      +0.5   +0.002  -0.097 -18.21
   15 ZLEMA   83913 51.10      +0.6   +0.002  -0.097 -26.76
   15 MAMA    18921 11.52      +5.2   +0.043  -0.059  -3.65
   15 FISH    36705 22.35      +1.7   +0.016  -0.086 -10.23
   15 FLOW    78945 48.08      +0.0   +0.001  -0.105 -31.09
   30 KAL     11051  6.73     +10.6   +0.066  -0.003  -0.14
   30 SS      26924 16.40      +2.6   +0.016  -0.051  -6.67
   30 KAMA    21688 13.21      +2.1   +0.012  -0.055  -7.68
   30 LAG     19537 11.90      +2.4   +0.020  -0.048  -4.46
   30 HMA     26761 16.30      +2.0   +0.014  -0.053  -6.90
   30 ZLEMA   41068 25.01      +1.1   +0.007  -0.061 -12.17
   30 MAMA     9332  5.68     +16.3   +0.087  +0.018  +0.67
   30 FISH    18166 11.06      +5.2   +0.032  -0.039  -3.12
   30 FLOW    36288 22.10      +1.7   +0.009  -0.066 -13.50

# Panel cells (THETA, K of 9 votes, exit when score <= X)

## bar 15 min   (trades per day = 10 coins together)
   TH  K  X |    A n     A R    A t |   B n     B R    B t |  A+B t  /day gross bps hold h  $10 A+B   DD
  0.5  4  0 |  25449  -0.081  -7.14 |  9255  -0.088  -4.71 |  -8.55 21.14      +2.2    2.6     0.00 100%
  0.5  4  2 |  30551  -0.089 -10.21 | 11142  -0.092  -6.65 | -12.17 25.39      +1.4    1.8     0.00 100%
  0.5  4 99 |  22069  -0.074  -4.78 |  7892  -0.072  -2.87 |  -5.58 18.25      +3.7    3.6     0.00 100%
  0.5  6  0 |  18785  -0.073  -5.28 |  6938  -0.087  -4.17 |  -6.64 15.67      +2.6    2.8     0.00 100%
  0.5  6  2 |  21223  -0.081  -7.29 |  7863  -0.093  -5.65 |  -9.11 17.71      +1.7    2.1     0.00 100%
  0.5  6 99 |  15481  -0.053  -2.15 |  5512  -0.060  -1.70 |  -2.69 12.79      +5.1    5.0     0.00 100%
  0.5  8  0 |  12648  -0.060  -3.48 |  4639  -0.087  -3.43 |  -4.69 10.53      +3.1    2.9     0.02 100%
  0.5  8  2 |  13762  -0.067  -4.59 |  5074  -0.093  -4.51 |  -6.15 11.47      +2.5    2.3     0.01 100%
  0.5  8 99 |   9437  -0.017  -0.44 |  3413  -0.043  -0.80 |  -0.75  7.83      +7.7    7.3     0.37  99%
  1.0  4  0 |  14872  -0.056  -3.68 |  5567  -0.074  -3.26 |  -4.80 12.45      +5.0    2.5     0.01 100%
  1.0  4  2 |  17473  -0.075  -6.88 |  6481  -0.083  -5.10 |  -8.49 14.59      +2.4    1.6     0.00 100%
  1.0  4 99 |  12010  -0.029  -0.94 |  4515  -0.035  -0.88 |  -1.23 10.06      +7.8    5.4     0.17  99%
  1.0  6  0 |   9743  -0.035  -1.75 |  3591  -0.074  -2.64 |  -2.77  8.12      +5.8    2.8     0.32  98%
  1.0  6  2 |  10813  -0.061  -3.92 |  3959  -0.086  -4.08 |  -5.33  9.00      +2.5    1.9     0.06 100%
  1.0  6 99 |   7560  +0.031  +0.67 |  2772  +0.004  +0.07 |  +0.64  6.29     +13.8    7.5     5.00  88%
  1.0  8  0 |   6193  -0.022  -0.89 |  2257  -0.077  -2.24 |  -1.80  5.15      +6.3    3.1     1.55  88%
  1.0  8  2 |   6707  -0.049  -2.50 |  2417  -0.086  -3.37 |  -3.69  5.56      +2.6    2.1     0.55  95%
  1.0  8 99 |   4898  +0.056  +1.15 |  1766  +0.031  +0.39 |  +1.19  4.06     +20.4    9.0    20.21  64%
  -> frozen for 15 min: [1.0, 8, 99]

## bar 30 min   (trades per day = 10 coins together)
   TH  K  X |    A n     A R    A t |   B n     B R    B t |  A+B t  /day gross bps hold h  $10 A+B   DD
  0.5  4  0 |  12301  -0.028  -1.54 |  4505  -0.052  -1.98 |  -2.29 10.24      +4.7    5.3     0.23  98%
  0.5  4  2 |  14594  -0.036  -2.77 |  5435  -0.060  -3.07 |  -3.91 12.20      +4.3    3.8     0.09  99%
  0.5  4 99 |  10446  -0.019  -0.93 |  3865  -0.024  -0.65 |  -1.13  8.72      +9.5    7.6     1.26  92%
  0.5  6  0 |   9072  -0.010  -0.46 |  3307  -0.044  -1.41 |  -1.05  7.54      +7.6    5.7     1.20  91%
  0.5  6  2 |  10202  -0.022  -1.33 |  3756  -0.054  -2.29 |  -2.24  8.50      +6.8    4.3     0.68  95%
  0.5  6 99 |   7324  +0.007  +0.25 |  2693  +0.000  +0.00 |  +0.21  6.10     +15.4   10.7     5.03  80%
  0.5  8  0 |   6146  +0.018  +0.61 |  2207  -0.018  -0.46 |  +0.35  5.09     +13.3    6.1     5.96  65%
  0.5  8  2 |   6687  +0.002  +0.08 |  2428  -0.038  -1.22 |  -0.50  5.55     +11.3    4.7     4.45  69%
  0.5  8 99 |   4553  +0.071  +1.64 |  1627  +0.053  +0.65 |  +1.72  3.76     +29.6   15.3    29.32  54%
  1.0  4  0 |   7262  -0.003  -0.13 |  2742  -0.042  -1.29 |  -0.74  6.09      +7.5    5.2     3.33  75%
  1.0  4  2 |   8437  -0.013  -0.76 |  3223  -0.061  -2.94 |  -1.96  7.10      +6.7    3.4     1.64  87%
  1.0  4 99 |   5759  +0.033  +0.94 |  2193  +0.027  +0.45 |  +1.03  4.84     +20.2   11.6    12.59  64%
  1.0  6  0 |   4876  +0.024  +0.89 |  1793  -0.019  -0.46 |  +0.54  4.06     +13.5    5.9    11.99  41%
  1.0  6  2 |   5386  +0.009  +0.43 |  2000  -0.052  -1.84 |  -0.43  4.50     +10.7    4.0     6.16  59%
  1.0  6 99 |   3754  +0.073  +1.72 |  1359  +0.101  +1.12 |  +2.04  3.11     +32.0   15.6    43.61  42%
  1.0  8  0 |   3153  +0.032  +1.02 |  1116  +0.007  +0.12 |  +0.93  2.60     +17.9    6.4    14.94  28%
  1.0  8  2 |   3384  +0.023  +0.89 |  1217  -0.046  -1.18 |  +0.21  2.80     +14.7    4.4     9.74  32%
  1.0  8 99 |   2514  +0.093  +1.74 |   867  +0.154  +1.18 |  +2.09  2.06     +37.9   18.5    39.04  27%
  -> frozen for 30 min: [1.0, 8, 99]
