setup                        side      n gross16 bps excess vs base | avgR net (sim 2R, 14bps) all | train | test
BASE trend                   ALL   11294        -4.4           +0.0 | n=11104 -0.273 [-0.330,-0.220] | n= 6720 -0.288 [-0.358,-0.220] | n= 4384 -0.250 [-0.328,-0.166]
BASE trend                   L      4482       -15.9           +0.0 | n= 4398 -0.310 [-0.394,-0.220] | n= 2339 -0.388 [-0.498,-0.278] | n= 2059 -0.221 [-0.336,-0.105]
BASE trend                   S      6812        +3.1           +0.0 | n= 6706 -0.249 [-0.323,-0.177] | n= 4381 -0.235 [-0.324,-0.145] | n= 2325 -0.275 [-0.408,-0.147]
POC                          ALL    3206        -5.9           -1.5 | n= 3206 -0.153 [-0.236,-0.068] | n= 1852 -0.152 [-0.256,-0.045] | n= 1354 -0.156 [-0.276,-0.045]
POC                          L      1411       -20.1           -4.2 | n= 1411 -0.225 [-0.346,-0.122] | n=  699 -0.299 [-0.457,-0.133] | n=  712 -0.153 [-0.305,+0.001]
POC                          S      1795        +5.2           +2.1 | n= 1795 -0.097 [-0.201,+0.012] | n= 1153 -0.062 [-0.198,+0.066] | n=  642 -0.158 [-0.347,+0.038]
FVG                          ALL    2838       -11.3           -6.8 | n= 2837 -0.186 [-0.268,-0.099] | n= 1705 -0.214 [-0.317,-0.098] | n= 1132 -0.144 [-0.278,-0.022]
FVG                          L      1151       -19.5           -3.6 | n= 1150 -0.217 [-0.323,-0.084] | n=  607 -0.303 [-0.455,-0.137] | n=  543 -0.120 [-0.299,+0.076]
FVG                          S      1687        -5.7           -8.8 | n= 1687 -0.166 [-0.281,-0.048] | n= 1098 -0.165 [-0.316,-0.014] | n=  589 -0.166 [-0.342,+0.014]
OB                           ALL    1371       -13.9           -9.4 | n= 1372 -0.154 [-0.270,-0.047] | n=  804 -0.136 [-0.284,+0.017] | n=  568 -0.179 [-0.333,-0.013]
OB                           L       606       -24.1           -8.2 | n=  607 -0.254 [-0.425,-0.072] | n=  333 -0.227 [-0.485,+0.051] | n=  274 -0.287 [-0.515,-0.053]
OB                           S       765        -5.8           -8.9 | n=  765 -0.074 [-0.228,+0.071] | n=  471 -0.071 [-0.261,+0.119] | n=  294 -0.079 [-0.325,+0.143]
EMA20                        ALL    4286       -15.9          -11.4 | n= 4289 -0.202 [-0.271,-0.129] | n= 2567 -0.163 [-0.263,-0.058] | n= 1722 -0.260 [-0.362,-0.166]
EMA20                        L      1934       -33.7          -17.8 | n= 1935 -0.253 [-0.359,-0.136] | n= 1032 -0.256 [-0.411,-0.079] | n=  903 -0.249 [-0.405,-0.109]
EMA20                        S      2352        -1.2           -4.3 | n= 2354 -0.160 [-0.268,-0.051] | n= 1535 -0.101 [-0.247,+0.042] | n=  819 -0.272 [-0.442,-0.091]
WICK                         ALL    5910        -2.8           +1.6 | n= 5903 -0.208 [-0.275,-0.134] | n= 3585 -0.222 [-0.311,-0.127] | n= 2318 -0.187 [-0.294,-0.083]
WICK                         L      2367       -13.9           +2.0 | n= 2367 -0.250 [-0.355,-0.147] | n= 1213 -0.351 [-0.487,-0.211] | n= 1154 -0.144 [-0.282,+0.002]
WICK                         S      3543        +4.6           +1.5 | n= 3536 -0.180 [-0.281,-0.086] | n= 2372 -0.156 [-0.273,-0.043] | n= 1164 -0.229 [-0.392,-0.072]
conf>=2 (poc/fvg/ob/ema)     ALL    3078       -21.4          -17.0 | n= 3080 -0.218 [-0.299,-0.137] | n= 1799 -0.190 [-0.303,-0.072] | n= 1281 -0.259 [-0.363,-0.156]
conf>=2 (poc/fvg/ob/ema)     L      1433       -35.6          -19.7 | n= 1434 -0.256 [-0.374,-0.128] | n=  741 -0.248 [-0.446,-0.054] | n=  693 -0.265 [-0.422,-0.108]
conf>=2 (poc/fvg/ob/ema)     S      1645        -9.1          -12.2 | n= 1646 -0.186 [-0.298,-0.078] | n= 1058 -0.149 [-0.302,-0.010] | n=  588 -0.251 [-0.422,-0.066]
conf>=3                      ALL     817       -35.5          -31.1 | n=  818 -0.178 [-0.305,-0.059] | n=  490 -0.142 [-0.318,+0.025] | n=  328 -0.233 [-0.407,-0.055]
conf>=3                      L       397       -39.6          -23.7 | n=  398 -0.257 [-0.450,-0.076] | n=  212 -0.225 [-0.495,+0.063] | n=  186 -0.293 [-0.499,-0.075]
conf>=3                      S       420       -31.6          -34.7 | n=  420 -0.104 [-0.287,+0.071] | n=  278 -0.078 [-0.283,+0.136] | n=  142 -0.155 [-0.444,+0.151]
conf>=2 + wick               ALL    1280       -34.0          -29.6 | n= 1281 -0.244 [-0.349,-0.134] | n=  743 -0.188 [-0.328,-0.046] | n=  538 -0.322 [-0.472,-0.156]
conf>=2 + wick               L       602       -29.9          -14.0 | n=  603 -0.246 [-0.400,-0.087] | n=  299 -0.223 [-0.458,+0.015] | n=  304 -0.270 [-0.479,-0.017]
conf>=2 + wick               S       678       -37.7          -40.8 | n=  678 -0.243 [-0.386,-0.090] | n=  444 -0.165 [-0.351,+0.026] | n=  234 -0.389 [-0.598,-0.141]
