setup                        side      n gross16 bps excess vs base | avgR net (sim 2R, 14bps) all | train | test
BASE trend                   ALL   18517        +2.7           +0.0 | n=15721 -0.382 [-0.429,-0.339] | n= 9273 -0.434 [-0.493,-0.376] | n= 6448 -0.308 [-0.387,-0.231]
BASE trend                   L      9149       +10.3           +0.0 | n= 7885 -0.370 [-0.443,-0.297] | n= 4067 -0.505 [-0.583,-0.417] | n= 3818 -0.226 [-0.345,-0.129]
BASE trend                   S      9368        -4.7           +0.0 | n= 7836 -0.395 [-0.463,-0.325] | n= 5206 -0.379 [-0.466,-0.297] | n= 2630 -0.427 [-0.536,-0.319]
POC                          ALL    4289        +5.1           +2.4 | n= 4206 -0.263 [-0.335,-0.186] | n= 2512 -0.327 [-0.415,-0.213] | n= 1694 -0.169 [-0.291,-0.054]
POC                          L      2633        +7.4           -2.8 | n= 2549 -0.298 [-0.398,-0.204] | n= 1434 -0.467 [-0.567,-0.369] | n= 1115 -0.080 [-0.243,+0.077]
POC                          S      1656        +1.4           +6.1 | n= 1657 -0.209 [-0.340,-0.050] | n= 1078 -0.139 [-0.301,+0.048] | n=  579 -0.339 [-0.523,-0.155]
FVG                          ALL    5995        +3.9           +1.2 | n= 5864 -0.251 [-0.322,-0.182] | n= 3564 -0.295 [-0.386,-0.208] | n= 2300 -0.182 [-0.302,-0.061]
FVG                          L      3008        +5.9           -4.3 | n= 2951 -0.266 [-0.376,-0.169] | n= 1590 -0.433 [-0.531,-0.349] | n= 1361 -0.071 [-0.261,+0.079]
FVG                          S      2987        +1.8           +6.5 | n= 2913 -0.235 [-0.338,-0.135] | n= 1974 -0.184 [-0.320,-0.062] | n=  939 -0.343 [-0.513,-0.192]
OB                           ALL    2508        +3.7           +1.0 | n= 2504 -0.182 [-0.273,-0.079] | n= 1481 -0.285 [-0.398,-0.177] | n= 1023 -0.033 [-0.201,+0.126]
OB                           L      1404        +1.3           -9.0 | n= 1405 -0.221 [-0.355,-0.097] | n=  725 -0.441 [-0.566,-0.322] | n=  680 +0.014 [-0.181,+0.197]
OB                           S      1104        +6.7          +11.4 | n= 1099 -0.133 [-0.285,+0.044] | n=  756 -0.136 [-0.319,+0.039] | n=  343 -0.126 [-0.467,+0.175]
EMA20                        ALL    8133        +7.1           +4.4 | n= 7903 -0.274 [-0.342,-0.208] | n= 4708 -0.307 [-0.399,-0.212] | n= 3195 -0.226 [-0.327,-0.124]
EMA20                        L      5061        +8.5           -1.7 | n= 4831 -0.312 [-0.416,-0.221] | n= 2688 -0.459 [-0.574,-0.347] | n= 2143 -0.128 [-0.268,-0.004]
EMA20                        S      3072        +4.8           +9.5 | n= 3072 -0.214 [-0.331,-0.099] | n= 2020 -0.105 [-0.245,+0.026] | n= 1052 -0.425 [-0.569,-0.276]
WICK                         ALL   10960        +1.9           -0.8 | n=10459 -0.342 [-0.396,-0.291] | n= 6281 -0.392 [-0.460,-0.325] | n= 4178 -0.268 [-0.348,-0.194]
WICK                         L      5397        +8.9           -1.4 | n= 5175 -0.349 [-0.434,-0.270] | n= 2803 -0.504 [-0.610,-0.407] | n= 2372 -0.166 [-0.288,-0.064]
WICK                         S      5563        -4.9           -0.2 | n= 5284 -0.336 [-0.411,-0.266] | n= 3478 -0.302 [-0.385,-0.220] | n= 1806 -0.401 [-0.532,-0.276]
conf>=2 (poc/fvg/ob/ema)     ALL    5461        +6.9           +4.2 | n= 5371 -0.235 [-0.307,-0.155] | n= 3232 -0.310 [-0.407,-0.210] | n= 2139 -0.121 [-0.243,+0.007]
conf>=2 (poc/fvg/ob/ema)     L      3482        +5.8           -4.4 | n= 3393 -0.284 [-0.394,-0.180] | n= 1903 -0.462 [-0.563,-0.368] | n= 1490 -0.057 [-0.216,+0.092]
conf>=2 (poc/fvg/ob/ema)     S      1979        +8.8          +13.4 | n= 1978 -0.152 [-0.284,-0.026] | n= 1329 -0.094 [-0.252,+0.070] | n=  649 -0.270 [-0.486,-0.049]
conf>=3                      ALL    1364        +2.5           -0.2 | n= 1359 -0.228 [-0.345,-0.106] | n=  785 -0.288 [-0.428,-0.137] | n=  574 -0.145 [-0.326,+0.042]
conf>=3                      L       944        -1.6          -11.8 | n=  939 -0.276 [-0.425,-0.127] | n=  502 -0.432 [-0.573,-0.266] | n=  437 -0.098 [-0.334,+0.116]
conf>=3                      S       420       +11.7          +16.4 | n=  420 -0.119 [-0.312,+0.092] | n=  283 -0.034 [-0.274,+0.211] | n=  137 -0.293 [-0.620,+0.024]
conf>=2 + wick               ALL    2535        +4.5           +1.8 | n= 2494 -0.238 [-0.324,-0.153] | n= 1496 -0.278 [-0.382,-0.166] | n=  998 -0.179 [-0.318,-0.030]
conf>=2 + wick               L      1643        +4.5           -5.8 | n= 1602 -0.256 [-0.370,-0.143] | n=  905 -0.410 [-0.537,-0.286] | n=  697 -0.057 [-0.253,+0.106]
conf>=2 + wick               S       892        +4.5           +9.2 | n=  892 -0.205 [-0.363,-0.046] | n=  591 -0.075 [-0.283,+0.125] | n=  301 -0.460 [-0.681,-0.225]
